1817807;3029546;3463935
3098461;436351;2812616;4195304;4792648
3021476;2155550;1818333;3184037;3184813;3185900
812793;3016606;2857322;4314715;4314717;4314719;3355624;124747;147020;149225;15067;4975127;4670653;98124;4781427;177167;4794688;4742958;2857764;4955061;30369;4776415;3169118;4805504;13144;10330;5069706
1882858;4029213;4143917
4153401;3436784;3370310;801049;4664397;4664452;4218100;4664500;3244427
4322585;3677112
428400;4521884
1583235;4547909
2977230;3690369
3867321;4767291
428400;4521884;566960
405700;5143193
1818279;1818150
801049;3370310;3436784;4153401;4664397;4664452;3211127;4218100;4664500;99999;9999